Webots Project File version R2025a
perspectives: 000000ff00000000fd00000003000000000000000000000000fc0100000001fb0000001a0044006f00630075006d0065006e0074006100740069006f006e0000000000ffffffff0000000000000000000000010000026d0000054cfc0200000001fb0000001400540065007800740045006400690074006f0072010000001b0000054c0000004200ffffff0000000300000780000000dafc0100000001fb0000000e0043006f006e0073006f006c00650100000000000007800000000000000000000007910000054c00000001000000020000000100000008fc00000000
simulationViewPerspectives: 000000ff00000001000000020000016c000004a00100000002010000000101
sceneTreePerspectives: 000000ff0000000100000003000000c000000112000000000100000002010000000201
maximizedDockId: -1
centralWidgetVisible: 1
orthographicViewHeight: 1
textFiles: -1
renderingDevicePerspectives: NAO:CameraBottom;0;1;0.0877573;0.0787097
renderingDevicePerspectives: NAO:CameraTop;0;1;0.0877573;0.0787097
renderingDevicePerspectives: supervisor:camera;1;0.546875;0.152763;0.132251
